-35.6446,-21.6455,23512.3
-35.6516,-21.6473,23511.9
-35.6586,-21.6491,23511.5
-35.6657,-21.6509,23511
-35.6727,-21.6527,23510.6
-35.6798,-21.6545,23510.2
-35.6868,-21.6563,23509.8
-35.6938,-21.658,23509.3
-35.7009,-21.6598,23508.9
-35.7079,-21.6616,23508.5
-35.715,-21.6634,23508.1
-35.722,-21.6652,23507.6
-35.729,-21.667,23507.2
-35.7361,-21.6688,23506.8
-35.7431,-21.6706,23506.4
-35.7502,-21.6724,23505.9
-35.7572,-21.6742,23505.5
-35.7643,-21.676,23505.1
-35.7713,-21.6778,23504.7
-35.7783,-21.6795,23504.2
-35.7854,-21.6813,23503.8
-35.7924,-21.6831,23503.4
-35.7995,-21.6849,23503
-35.8065,-21.6867,23502.6
-35.8136,-21.6885,23502.1
-35.8206,-21.6903,23501.7
-35.8276,-21.6921,23501.3
-35.8347,-21.6939,23500.9
-35.8417,-21.6957,23500.5
-35.8488,-21.6975,23500
-35.8558,-21.6993,23499.6
-35.8629,-21.7011,23499.2
-35.8699,-21.7029,23498.8
-35.877,-21.7047,23498.4
-35.884,-21.7065,23498
-35.8911,-21.7083,23497.5
-35.8981,-21.7101,23497.1
-35.9051,-21.7119,23496.7
-35.9122,-21.7137,23496.3
-35.9192,-21.7155,23495.9
-35.9263,-21.7173,23495.5
-35.9333,-21.7191,23495
-35.9404,-21.7209,23494.6
-35.9474,-21.7227,23494.2
-35.9545,-21.7245,23493.8
-35.9615,-21.7263,23493.4
-35.9686,-21.7281,23493
-35.9756,-21.7299,23492.6
-35.9827,-21.7317,23492.2
-35.9897,-21.7335,23491.7
-35.9968,-21.7353,23491.3
-36.0038,-21.7371,23490.9
-36.0109,-21.7389,23490.5
-36.0179,-21.7408,23490.1
-36.025,-21.7426,23489.7
-36.032,-21.7444,23489.3
-36.0391,-21.7462,23488.9
-36.0461,-21.748,23488.5
-36.0532,-21.7498,23488.1
-36.0602,-21.7516,23487.7
-36.0673,-21.7534,23487.2
-36.0743,-21.7552,23486.8
-36.0814,-21.757,23486.4
-36.0884,-21.7588,23486
-36.0955,-21.7607,23485.6
-36.1026,-21.7625,23485.2
-36.1096,-21.7643,23484.8
-36.1167,-21.7661,23484.4
-36.1237,-21.7679,23484
-36.1308,-21.7697,23483.6
-36.1378,-21.7715,23483.2
-36.1449,-21.7733,23482.8
-36.1519,-21.7752,23482.4
-36.159,-21.777,23482
-36.166,-21.7788,23481.6
-36.1731,-21.7806,23481.2
-36.1801,-21.7824,23480.8
-36.1872,-21.7842,23480.4
-36.1943,-21.786,23480
-36.2013,-21.7879,23479.6
-36.2084,-21.7897,23479.2
-36.2154,-21.7915,23478.8
-36.2225,-21.7933,23478.4
-36.2295,-21.7951,23478
-36.2366,-21.797,23477.6
-36.2437,-21.7988,23477.2
-36.2507,-21.8006,23476.8
-36.2578,-21.8024,23476.4
-36.2648,-21.8042,23476
-36.2719,-21.8061,23475.6
-36.2789,-21.8079,23475.2
-36.286,-21.8097,23474.8
-36.2931,-21.8115,23474.4
-36.3001,-21.8133,23474
-36.3072,-21.8152,23473.6
-36.3142,-21.817,23473.2
-36.3213,-21.8188,23472.8
-36.3284,-21.8206,23472.5
-36.3354,-21.8225,23472.1
-36.3425,-21.8243,23471.7
-36.3495,-21.8261,23471.3
-36.3566,-21.8279,23470.9
-36.3637,-21.8298,23470.5
-36.3707,-21.8316,23470.1
-36.3778,-21.8334,23469.7
-36.3848,-21.8352,23469.3
-36.3919,-21.8371,23468.9
-36.399,-21.8389,23468.5
-36.406,-21.8407,23468.2
-36.4131,-21.8425,23467.8
-36.4202,-21.8444,23467.4
-36.4272,-21.8462,23467
-36.4343,-21.848,23466.6
-36.4413,-21.8499,23466.2
-36.4484,-21.8517,23465.8
-36.4555,-21.8535,23465.4
-36.4625,-21.8554,23465.1
-36.4696,-21.8572,23464.7
-36.4767,-21.859,23464.3
-36.4837,-21.8609,23463.9
-36.4908,-21.8627,23463.5
-36.4979,-21.8645,23463.1
-36.5049,-21.8664,23462.7
-36.512,-21.8682,23462.4
-36.5191,-21.87,23462
-36.5261,-21.8719,23461.6
-36.5332,-21.8737,23461.2
-36.5403,-21.8755,23460.8
-36.5473,-21.8774,23460.4
-36.5544,-21.8792,23460.1
-36.5615,-21.881,23459.7
-36.5685,-21.8829,23459.3
-36.5756,-21.8847,23458.9
-36.5827,-21.8865,23458.5
-36.5897,-21.8884,23458.2
-36.5968,-21.8902,23457.8
-36.6039,-21.8921,23457.4
-36.6109,-21.8939,23457
-36.618,-21.8957,23456.7
-36.6251,-21.8976,23456.3
-36.6321,-21.8994,23455.9
-36.6392,-21.9013,23455.5
-36.6463,-21.9031,23455.1
-36.6533,-21.9049,23454.8
-36.6604,-21.9068,23454.4
-36.6675,-21.9086,23454
-36.6745,-21.9105,23453.6
-36.6816,-21.9123,23453.3
-36.6887,-21.9142,23452.9
-36.6958,-21.916,23452.5
-36.7028,-21.9179,23452.1
-36.7099,-21.9197,23451.8
-36.717,-21.9215,23451.4
-36.724,-21.9234,23451
-36.7311,-21.9252,23450.7
-36.7382,-21.9271,23450.3
-36.7453,-21.9289,23449.9
-36.7523,-21.9308,23449.5
-36.7594,-21.9326,23449.2
-36.7665,-21.9345,23448.8
-36.7735,-21.9363,23448.4
-36.7806,-21.9382,23448.1
-36.7877,-21.94,23447.7
-36.7948,-21.9419,23447.3
-36.8018,-21.9437,23447
-36.8089,-21.9456,23446.6
-36.816,-21.9474,23446.2
-36.8231,-21.9493,23445.9
-36.8301,-21.9511,23445.5
-36.8372,-21.953,23445.1
-36.8443,-21.9548,23444.8
-36.8514,-21.9567,23444.4
-36.8584,-21.9585,23444
-36.8655,-21.9604,23443.7
-36.8726,-21.9622,23443.3
-36.8797,-21.9641,23442.9
-36.8867,-21.966,23442.6
-36.8938,-21.9678,23442.2
-36.9009,-21.9697,23441.8
-36.908,-21.9715,23441.5
-36.915,-21.9734,23441.1
-36.9221,-21.9752,23440.8
-36.9292,-21.9771,23440.4
-36.9363,-21.979,23440
-36.9433,-21.9808,23439.7
-36.9504,-21.9827,23439.3
-36.9575,-21.9845,23438.9
-36.9646,-21.9864,23438.6
-36.9717,-21.9882,23438.2
-36.9787,-21.9901,23437.9
-36.9858,-21.992,23437.5
-36.9929,-21.9938,23437.2
-37,-21.9957,23436.8
-37.007,-21.9976,23436.4
-37.0141,-21.9994,23436.1
-37.0212,-22.0013,23435.7
-37.0283,-22.0031,23435.4
-37.0354,-22.005,23435
-37.0424,-22.0069,23434.7
-37.0495,-22.0087,23434.3